	features
"[-3.58451605e-01  6.85941055e-02 -9.12154317e-02 -3.38967115e-01
 -9.96336043e-02 -3.22431445e-01  4.13736254e-01  3.66083682e-01
 -5.18163368e-02 -4.71444577e-01  8.88116509e-02 -1.46127015e-01
 -2.11104080e-01  5.05075514e-01  1.45820901e-01  2.42509410e-01
 -6.97361380e-02  2.72984087e-01  8.67407322e-02  9.50499624e-03
  6.73985928e-02 -4.48038548e-01  3.01929384e-01 -8.93779397e-02
 -3.16330463e-01  9.13095474e-02  5.76982684e-02 -3.11938971e-01
  7.61459544e-02  1.24953441e-01 -1.63946282e-02  1.20198056e-01
 -2.69171774e-01  3.04018054e-02 -2.83029377e-01  3.11088916e-02
 -1.59695804e-01  9.85966623e-02 -1.27137452e-02 -6.14549872e-03
 -3.17600667e-01 -2.97153592e-01 -8.65105391e-02 -1.73279777e-01
 -1.03563890e-01 -2.50168175e-01 -2.66409802e+00  1.67767555e-01
 -2.87674069e-01  9.00390521e-02  4.96925175e-01 -3.48688424e-01
 -3.44045125e-02  2.86406040e-01  5.34589738e-02  4.24423099e-01
 -1.65132582e-01  1.80184737e-01  2.07639396e-01  2.58735597e-01
  2.41779402e-01  1.18279792e-01 -7.92146698e-02  2.50239763e-02
 -9.58991051e-02  1.23560518e-01 -1.25790566e-01  3.76142383e-01
 -2.21073136e-01  2.44230419e-01 -2.38178581e-01 -1.06964871e-01
  3.27149868e-01  1.05993420e-01  2.16010109e-01 -2.19264224e-01
  1.94499716e-02  6.86593354e-02 -1.56044886e-01  3.13736767e-01
  2.06712127e-01  2.27106705e-01  2.37856239e-01  4.21943069e-01
 -1.35005310e-01  3.45672190e-01 -3.69588464e-01 -1.80449840e-02
  6.69238269e-02  2.25722894e-01  7.33534545e-02 -1.52235597e-01
  1.16556838e-01  1.70316339e-01  1.35829017e-01 -1.80162951e-01
 -2.34764498e-02 -9.81631428e-02  5.26787639e-01  3.70323867e-01
  1.16324268e-01 -7.39724785e-02  9.49425101e-02 -4.21904117e-01
 -2.84998655e-01 -8.84683058e-02 -4.16785598e-01 -2.43637368e-01
  6.07387573e-02 -2.25268817e+00  1.49394915e-01  3.06402862e-01
 -2.12417632e-01 -4.26636547e-01 -2.90905796e-02  5.10126233e-01
  5.23491740e-01  7.01204315e-02  3.94949131e-02 -1.35917708e-01
  7.34644569e-03  4.69335437e-01  4.14513022e-01 -1.92976788e-01
  5.99016761e-03  1.29819894e-02  6.17300421e-02 -1.03734039e-01
 -1.82107672e-01  2.21853897e-01  3.77424002e-01  1.94603994e-01
  7.64831379e-02  1.01908751e-01 -4.59610552e-01  3.19472283e-01
  1.18294843e-02 -2.12876931e-01 -3.09485886e-02 -2.58681506e-01
 -2.75215447e-01  4.44057360e-02 -2.53153372e+00  2.78614134e-01
  4.89360541e-01 -3.78259383e-02 -3.95388678e-02 -4.86096479e-02
 -1.90448493e-01  3.09128106e-01  1.90675199e-01  1.19248912e-01
  1.57383665e-01  6.77375048e-02 -2.94115245e-01 -7.55433962e-02
 -3.29821289e-01  2.74934500e-01  2.74043083e-01  4.56489176e-01
  4.15873937e-02 -1.70021951e-01  7.08575398e-02  1.06055364e-01
  8.83272216e-02  8.87664482e-02  3.14698070e-01  1.38537362e-01
  1.27800658e-01 -6.40607029e-02  7.36165643e-02 -2.09737197e-02
  4.09914315e-01  3.16994265e-02 -1.02721676e-01  9.72097274e-03
  2.97339261e-01  7.91747719e-02 -7.73304179e-02 -2.33709104e-02
 -2.08865926e-01  1.34116322e-01  3.25559378e-02 -7.10995346e-02
  1.50754467e-01  2.06092700e-01  8.31705704e-02 -4.06645417e-01
  4.40342687e-02  3.35401207e-01 -4.02715385e-01 -3.23011041e-01
 -5.72438911e-03  1.91291898e-01  2.86478102e-01 -2.85823550e-02
  2.81328522e-02 -5.86051404e-01  2.17054591e-01  1.22293718e-01
 -1.37607560e-01 -4.49011654e-01 -1.25693500e-01  2.10030571e-01
 -2.26736397e-01  3.49325871e+00 -1.13555394e-01 -1.36535376e-01
  1.08312875e-01  3.27971071e-01 -5.13935313e-02 -1.17170975e-01
 -5.21961637e-02 -1.15613312e-01  1.18503533e-01 -1.49044484e-01
  3.70230258e-01 -2.09582567e-01 -1.16737813e-01  5.89569211e-02
  1.87569752e-01  3.45658883e-02 -4.38807495e-02  1.02872439e-02
 -2.92572558e-01  2.45493546e-01  1.51054442e-01  1.78711861e-02
 -5.54775596e-02 -1.43218338e+00 -7.03473613e-02 -3.09121370e-01
  1.19200677e-01  2.76303411e-01 -3.08597535e-01  2.23635495e-01
  1.08722292e-01  2.19819576e-01 -4.24658367e-03  1.86300576e-01
 -9.90276784e-02  2.41706267e-01  3.58576387e-01  3.65124196e-01
 -2.28979141e-01  6.20094121e-01  5.92697561e-01 -1.37532949e-01
  1.39188498e-01 -3.46176922e-01  2.93223619e-01  9.71236527e-02
  9.43376496e-02 -9.88873914e-02  6.58856854e-02 -5.48923254e-01
  7.87123218e-02  8.24627802e-02 -2.26190686e-01 -2.75794983e-01
 -7.99555704e-02  2.20825467e-02  4.43151653e-01  2.71894395e-01
 -1.51071623e-01 -1.24970675e-02  5.77383190e-02 -3.95866156e-01
  1.99821353e-01  6.55568540e-02  3.00738141e-02  3.35679613e-02
 -3.69613290e-01 -2.75349212e+00 -1.69919461e-01  7.22520202e-02
  5.41356981e-01  2.67864376e-01 -3.58366579e-01 -7.21969604e-02
  1.04613647e-01  5.74242234e-01 -4.85254347e-01  3.62614542e-01
  1.47295147e-01 -3.40084657e-02  1.16068147e-01 -4.19659674e-01
  2.97384769e-01 -1.50771156e-01 -9.27796662e-02 -2.18620971e-01
  2.88411111e-01  2.41681352e-01  1.49998218e-02 -1.30241826e-01
  1.20973401e-01 -2.08061486e-01 -3.39416824e-02  1.19913809e-01
 -1.86747849e-01 -7.39913136e-02  3.18175815e-02  4.30299155e-02
 -7.59471357e-02  5.25520742e-02 -1.06345721e-01 -1.01016045e-01
 -3.12127686e+00 -2.86732197e-01  1.59490034e-01 -4.42851514e-01
  3.81630540e-01 -1.36550620e-01  2.21525729e-02 -5.29582351e-02
 -2.45681509e-01  1.97600290e-01  1.90180331e-01 -2.44329333e-01
  2.01493293e-01  7.29773417e-02  4.54208553e-01  1.05002008e-01
  3.17937583e-01 -5.78384519e-01 -1.47911444e-01  2.72472650e-01
 -6.96174502e-02  1.71041921e-01 -5.74696846e-02 -7.30575696e-02
  2.11987287e-01  3.53140324e-01 -2.50520766e-01 -6.96043521e-02
 -3.51797581e-01 -8.83429572e-02  5.28104091e-03 -1.67198598e-01
  1.13628979e-03  1.11720525e-02 -2.68515974e-01 -2.16572344e-01
  1.57570586e-01  4.98398393e-02  3.69952261e-01 -9.18950811e-02
  1.54073602e-02  3.06921780e-01  1.11533582e-01 -1.00469671e-01
  4.30930197e-01  1.13629863e-01 -1.60734504e-01 -1.99615702e-01
 -3.33668888e-02  2.80030936e-01 -1.90451100e-01  1.29639283e-01
  1.08535969e+00 -1.56853050e-01  3.08811635e-01 -6.92197382e-02
 -1.08172491e-01  4.52284694e-01 -8.77094567e-02 -2.74647772e-03
  3.94522518e-01 -1.64629892e-01 -1.05453081e-01 -2.34491657e-02
 -5.56850545e-02 -2.04952508e-02  2.20457479e-01 -2.58719146e-01
  1.52072966e-01  2.05612689e-01  4.70266305e-03  2.73109198e-01
  1.20893076e-01 -1.19549072e+00 -3.67371976e-01  4.68245953e-01
  6.48506405e-03 -2.45355695e-01 -3.00490633e-02 -1.72865596e-02
 -4.50234026e-01  4.26611118e-02 -1.01933606e-01  2.38924086e-01
 -2.17197776e-01  2.17879843e-02 -3.96712758e-02 -3.04387540e-01
 -4.47777092e-01 -2.69482173e-02 -1.83846042e-01  2.96196789e-01
  3.01306456e-01  2.62535602e-01  4.94451299e-02  2.02414736e-01
  3.29810470e-01 -6.26609743e-01  2.84391373e-01 -2.39682108e-01
  3.23368043e-01 -1.40112489e-01 -4.11188275e-01  8.37789327e-02
 -3.36333215e-01 -2.53647745e-01 -1.56664893e-01  5.16241014e-01
 -1.27405077e-01  2.98952758e-01 -5.26426919e-02 -4.29613478e-02
  2.30080280e-02  2.27370009e-01  1.02651608e+00 -2.62094498e-01
  2.69572318e-01  5.38963854e-01 -4.27947799e-03  2.15909526e-01
  4.34303582e-01  2.52529681e-01 -2.85826772e-01 -7.60099441e-02
 -5.24141252e-01  1.77950561e-01  7.34431390e-03 -1.65301308e-01
 -7.22506225e-01  1.92183685e-02  1.58706725e-01  1.22760400e-01
 -3.45909238e-01 -6.13114715e-01  3.52259874e-02 -3.72364700e-01
  2.45788619e-01  1.54897617e-02 -3.59549858e-02  1.62502885e-01
  5.12154043e-01  1.50168231e-02 -9.24252346e-02  2.86077380e-01
 -2.49764010e-01  5.87342203e-01 -6.41926900e-02  1.38493096e-02
 -1.49569288e-01  4.85192329e-01 -1.82870701e-01 -4.44882184e-01
  2.72574753e-01 -1.92027867e-01  2.97032028e-01  8.66490901e-02
  6.40341938e-02 -2.64456034e-01 -8.73342678e-02 -1.71128526e-01
  4.50039096e-03  1.66182712e-01 -1.53092587e+00  5.97375751e-01
  1.78604007e-01  1.14020174e-02  2.92033970e-01 -1.40470684e-01
 -1.43188834e-01  1.78527981e-01  1.14148930e-01  3.12932068e-04
 -7.33047500e-02 -2.54347563e-01 -2.80311793e-01  2.92039812e-01
 -3.33642036e-01  1.00027785e-01  2.55950868e-01 -1.12284623e-01
  2.14146748e-02  3.58326703e-01 -7.24723265e-02  5.89779317e-02
  4.29734856e-01 -3.01673979e-01 -1.28340393e-01 -2.04923660e-01
  9.01253894e-02  3.53213400e-01  1.47007648e-02 -1.00462846e-01
 -1.09128214e-01 -3.71329308e-01 -5.86116195e-01 -8.69558156e-02
  4.03078258e-01 -1.90367520e-01 -8.74433443e-02  1.76543102e-01
  3.40522677e-01  9.82128829e-02 -3.87141496e-01  2.54570365e-01
 -1.23781569e-01 -1.20821320e-01  3.75329286e-01  3.59760284e-01
 -3.66322339e-01  5.44037595e-02  1.60206854e-01 -2.90930927e-01
 -2.14055479e-01 -4.31876350e-03  6.94412887e-02 -8.57491791e-03
  5.87924570e-02  6.70313463e-02 -1.55213475e-01 -3.16628180e-02
 -1.77232027e-01 -1.66144282e-01 -1.26192689e-01 -5.24792016e-01
 -1.73835248e-01  2.07173377e-01 -2.32452154e-01 -5.14912128e-01
 -1.79173023e-01 -3.78198028e-01 -1.79933369e-01 -1.44327447e-01
  1.10074788e-01  1.32926747e-01  1.12278096e-01  3.07495147e-01
 -6.76732659e-02  3.96197498e-01 -4.67064604e-02  2.29636267e-01
  3.50149155e-01 -5.25916256e-02 -7.95290098e-02 -3.49534929e-01
  5.86367175e-02  5.15937150e-01 -9.39841196e-02 -1.27619490e-01
  1.22389302e-01  1.84396878e-01 -1.01712003e-01 -2.07313091e-01
 -2.97484308e-01 -1.64969295e-01 -1.61462948e-01  1.02680676e-01
  2.34024208e-02  1.67216420e-01  2.02689730e-02 -1.83706105e-01
 -2.64112353e-01 -1.89606175e-02 -1.78562835e-01  1.80761918e-01
  2.11841334e-02  1.42125189e-01  1.59055248e-01  1.73371196e-01
  3.85623127e-01  1.73394337e-01 -6.40930891e-01 -2.67208487e-01
  1.45747319e-01 -7.11907744e-02 -3.54186863e-01  2.91716177e-02
 -3.73393074e-02 -1.20803580e-01 -8.59114975e-02 -1.27997294e-01
  1.60973299e+00  3.33012223e-01  2.91922361e-01 -1.00561241e-02
  8.72478113e-02  3.95779163e-02 -1.36311948e-01  1.65215388e-01
 -3.50861788e-01  3.01891297e-01 -6.69029877e-02  9.34230462e-02
 -1.83072999e-01  1.52551942e-02  8.77158821e-01  2.96273053e-01
 -1.99080735e-01 -1.40044570e-01 -7.97097206e-01 -1.80089369e-01
 -4.06153649e-01  3.83067667e-01  5.74412942e-01 -8.50128382e-02
  1.08913071e-01  1.27083331e-01  1.95418656e-01 -1.42827868e-01
  1.11808702e-01  1.97553843e-01 -2.43479580e-01  2.52100050e-01
  5.63076623e-02  3.59938771e-01 -3.49892557e-01  1.21415347e-01
  9.44376811e-02 -3.79311770e-01 -4.65781838e-01 -9.94549170e-02
 -3.85212526e-02 -2.71944135e-01  6.55964375e-01  2.55262643e-01
  1.44361192e-02  2.67799079e-01 -3.12017441e-01 -2.31089905e-01
  2.44411722e-01  4.16268319e-01  1.18122750e-03 -1.82165042e-01
 -3.98626894e-01  4.50773835e-01  6.28735125e-02 -2.66667996e-02
 -2.44540237e-02 -2.10308582e-01 -1.48254663e-01  1.95623308e-01
  1.22983031e-01  4.45910573e-01  2.40636230e-01 -1.43799335e-01
  1.60868764e-01 -3.42167020e-02 -1.08676121e-01 -2.23648831e-01
  2.18526348e-02 -7.03696981e-02  9.84675363e-02  3.38355154e-01
  2.28102237e-01  2.94371396e-01 -9.41428691e-02 -1.09065799e-02
  2.21358970e-01 -5.20894900e-02 -4.34560686e-01 -2.46560836e+00
  1.69853002e-01 -6.01962693e-02  1.48569942e-01  1.44255772e-01
  1.33637667e-01 -2.20405106e-02 -3.33535105e-01  2.55239487e-01
 -3.66834030e-02  5.87520376e-02  4.94766772e-01  5.90618253e-01
  5.96141517e-02  3.47673297e-01  9.72289592e-02  3.25105816e-01
 -2.41084039e-01 -1.54162720e-01 -4.48070675e-01 -3.29093277e-01
 -6.67462051e-02 -2.37650387e-02 -2.59842515e-01 -4.46790963e-01
  4.64860797e-01 -3.93218368e-01 -1.13878369e-01  3.07292044e-01
  1.26632735e-01 -2.09140286e-01  4.47037578e-01  1.73003718e-01
  4.52831388e-02  1.79765746e-01 -5.95018044e-02 -2.26801500e-01
  2.06230760e-01  4.58638743e-02  2.53349915e-02 -6.04962893e-02
  5.31006396e-01 -7.24039152e-02 -9.02633518e-02 -1.22584410e-01
  3.34805176e-02  4.47353691e-01 -1.13249511e-01  2.12414831e-01
 -3.52261007e-01  1.68620169e-01 -8.57421085e-02 -1.35042211e-02
 -1.53300658e-01  2.83869952e-01  1.90603703e-01 -6.04360625e-02
 -3.79892588e-02  3.24650481e-02 -4.26561922e-01  2.57259995e-01
 -3.21469977e-02  5.30495763e-01  2.25546453e-02  4.82112169e-01
 -1.12318181e-01 -2.44803503e-01  1.22498043e-01  1.00547768e-01
  2.48876233e-02  6.25923872e-02 -6.05288371e-02  1.11510135e-01
  2.41573408e-01 -1.20013282e-01  1.09264608e-02  5.28467834e-01
  8.76746774e-02  1.00105666e-01  1.25708744e-01 -7.33038634e-02
  8.22954550e-02  9.98518765e-02 -8.46360698e-02  3.70997965e-01
 -6.49471283e+00 -4.00893152e-01 -1.35320902e-01 -4.10206527e-01
  4.36013739e-04 -2.09507987e-01  4.19595987e-01 -3.19455504e-01
  1.75076708e-01 -2.10068747e-01  1.03577860e-01 -1.47873104e-01
 -8.62112734e-03 -6.64066002e-02  4.05919552e-01  3.67370397e-01]"	1
"[-1.15032792e-01 -3.02334167e-02  2.20838845e-01 -7.62496069e-02
 -1.31018952e-01 -1.26867160e-01  2.50101954e-01  4.12896603e-01
 -4.50256914e-02  2.90501323e-02  1.23351552e-01 -5.31869382e-02
 -3.16370055e-02  3.57161164e-01  1.30125284e-01  8.35211053e-02
 -1.91616431e-01  2.56713420e-01  1.75506443e-01 -2.01680064e-01
 -9.95950252e-02 -2.23757759e-01  2.24795360e-02 -2.56034620e-02
 -1.27275050e-01 -2.49282382e-02 -7.76656643e-02 -8.98587238e-03
  7.30336532e-02  2.81385835e-02  3.78095508e-02 -3.36668780e-03
 -1.02854215e-01  1.20655730e-01  6.86137676e-02 -1.41713247e-01
 -3.25543284e-02 -6.33638203e-02 -3.10275843e-03  8.08602497e-02
 -9.66105834e-02 -7.44829327e-02  1.65434390e-01 -1.37174532e-01
 -2.73865592e-02 -7.84886032e-02 -1.88985932e+00  3.28761339e-02
 -7.49359950e-02 -4.80806753e-02  2.96513945e-01  4.89692390e-02
  2.81679124e-01  1.95630178e-01  2.47208863e-01  2.35911682e-01
  7.60375708e-02  2.55358130e-01 -2.02108081e-02  5.57212569e-02
  1.87192962e-01  1.18113928e-01 -1.35066330e-01 -1.74909502e-01
 -4.08535935e-02  7.79854357e-02 -7.25879800e-03  2.58514076e-01
 -1.87206268e-01  3.23194653e-01 -8.50452632e-02 -1.63800746e-01
  3.13446701e-01  2.37307549e-02  3.11541371e-02 -1.52271673e-01
  3.05883940e-02  1.88543424e-01 -7.99965188e-02 -7.40313530e-02
  9.91369709e-02  1.12389900e-01  2.40308389e-01  1.36268988e-01
 -1.66443259e-01  9.11152139e-02 -1.42851561e-01 -2.80855954e-01
  9.02683660e-03  3.93791854e-01 -2.53010899e-01  5.72638214e-02
  1.50260910e-01  3.45549732e-01  2.45854944e-01 -4.15428787e-01
 -6.61686659e-02  9.75266919e-02  3.57610494e-01  2.44232252e-01
  6.53331652e-02 -5.93409911e-02  1.59111738e-01 -6.94611892e-02
  7.25849271e-02 -1.63160652e-01  2.33447641e-01 -1.73348665e-01
 -3.07611544e-02 -2.64482832e+00  1.85291320e-01  2.28211030e-01
 -1.02318764e-01 -3.54959995e-01 -2.65077353e-01  3.67133290e-01
  1.07767537e-01 -1.44468963e-01  6.18463494e-02  2.04591244e-03
  2.79073361e-02  2.37658203e-01 -1.02527416e-03 -2.28273887e-02
 -3.26373279e-02  3.66742462e-01 -3.57074030e-02 -1.43105522e-01
  2.10494861e-01  1.32648498e-01  1.31323129e-01  3.81550461e-01
 -1.07996948e-01 -2.68675368e-02 -2.12151065e-01  1.96004398e-02
  1.63195789e-01 -5.04349433e-02 -2.48835579e-01 -4.00354667e-03
 -2.40957886e-01 -1.33960277e-01 -3.28093553e+00  3.83747697e-01
  2.21418574e-01 -2.66041625e-02  2.25240532e-02  4.76484224e-02
  9.53910500e-02  3.45712528e-02  3.08188666e-02  1.31554723e-01
 -2.19583496e-01 -1.35117814e-01 -1.86743960e-01  8.02351832e-02
 -6.27908483e-02 -1.49553850e-01  3.06522757e-01  1.01993665e-01
  2.49279216e-01 -1.52270868e-01 -7.34946057e-02 -6.73683500e-03
 -4.94650193e-02  7.37212375e-02  8.42550173e-02  1.22125722e-01
  1.08876996e-01 -1.19167134e-01 -9.92470756e-02  2.03662664e-02
  1.47973344e-01 -1.18154593e-01  2.25572556e-01 -5.78419492e-02
  2.20434800e-01  3.27855766e-01 -4.26674522e-02  1.33319557e-01
 -1.14535049e-01  2.34645396e-01  2.63435900e-01  2.69685060e-01
  1.79990157e-01  1.61104538e-02  2.42434606e-01 -1.07454382e-01
  2.40253448e-01  2.35723630e-01 -1.28659248e-01 -1.70391604e-01
  9.03172120e-02  8.15419927e-02  1.10565037e-01 -5.27440757e-02
  6.21430799e-02 -5.78572333e-01  3.38891357e-01  3.64699140e-02
 -2.87192822e-01 -1.12809487e-01  5.70552647e-02  1.65827975e-01
 -2.49781981e-01  3.56211638e+00 -4.91040945e-02  6.53005987e-02
  8.62297416e-02  1.10765047e-01  7.58555159e-02  2.00578999e-02
 -1.35418504e-01 -1.76447377e-01  1.05169021e-01 -8.66317656e-03
  2.00014003e-02 -1.28699794e-01  1.05124861e-01 -1.29770394e-02
  2.39904523e-01  2.62758553e-01  6.40422329e-02  9.77427885e-02
 -1.12213038e-01  3.38250935e-01  1.81200504e-02  2.61740476e-01
 -3.50004621e-02 -1.32189500e+00  5.55266775e-02  3.90563323e-03
 -2.03583479e-01  3.61784518e-01 -1.51837617e-01 -7.49698728e-02
  5.91132864e-02 -9.65437219e-02  1.65859219e-02  7.94262066e-02
 -5.87427579e-02  7.18650781e-03  3.49582016e-01  1.71320647e-01
 -2.51920700e-01  1.36972815e-01  1.88263476e-01  1.98557638e-02
 -1.63226157e-01 -9.13190190e-03  1.37053490e-01 -2.55435079e-01
 -7.10397214e-02 -1.05646268e-01  4.43934947e-02  7.32471868e-02
  6.19958788e-02  1.57231957e-01 -1.82531118e-01 -1.78374588e-01
 -1.71557978e-01 -3.60001326e-02  2.19791472e-01  1.11200958e-01
 -2.98385799e-01  4.20528911e-02 -4.92188036e-02 -1.32413864e-01
  1.32266119e-01  3.37406471e-02 -3.80016640e-02  1.02364838e-01
 -1.16414405e-01 -4.16604471e+00 -1.07528735e-02 -4.76016290e-02
  2.65941769e-01  3.43149453e-01 -1.72619037e-02  8.41891095e-02
  1.00257322e-01  2.81577200e-01 -2.71882236e-01  2.43427783e-01
  1.38070673e-01 -1.70714989e-01  2.03136906e-01 -3.34041357e-01
  2.37644449e-01 -4.47659045e-02 -1.62574485e-01  1.41352024e-02
 -1.29086584e-01  1.53635472e-01  2.50835925e-01 -2.13810429e-01
  5.25516868e-02 -2.06482261e-01 -9.82793868e-02 -1.52905926e-01
 -2.02537805e-01  1.45859540e-01 -3.72775853e-01 -1.84965655e-02
 -2.34202296e-01  2.04610720e-01 -2.84477137e-02 -2.06832737e-01
 -2.25109696e+00 -1.19449928e-01 -4.51675206e-02 -5.45782372e-02
  2.39027962e-01 -7.97418058e-02  2.49000788e-01 -1.52661815e-01
 -3.71079147e-01  1.42417595e-01 -6.10360643e-03 -1.66893955e-02
  7.73548894e-03  2.17554212e-01  2.40034848e-01 -4.37609182e-04
 -8.23866692e-04 -3.34631652e-02  8.00675154e-02  1.77135587e-01
  2.35508718e-02  6.97306991e-02 -1.28813460e-01 -2.51954854e-01
  3.83955278e-02  4.36755329e-01 -3.98101509e-01  6.52290583e-02
 -2.36129194e-01 -9.40633193e-02 -6.81333244e-02 -9.65248793e-03
 -6.98323175e-02  3.33080292e-02 -1.93279967e-01 -1.77013084e-01
  1.80496663e-01  2.06597164e-01  2.11549312e-01  8.02951828e-02
 -1.72052383e-01  3.16636980e-01 -1.56073689e-01  2.45368943e-01
  4.73226339e-01  1.00348584e-01  1.81226507e-01 -3.48377883e-01
 -1.65970579e-01  2.38790717e-02  4.87149730e-02  4.59546037e-02
  1.15126383e+00  1.74076602e-01  1.84137255e-01 -2.24223837e-01
  2.45007738e-01  1.15564026e-01  2.36573350e-02 -6.33491725e-02
  3.42295945e-01 -1.98831689e-03  2.34795421e-01 -4.54918668e-02
 -7.32011124e-02 -2.39097208e-01  2.40420237e-01 -4.49466288e-01
 -1.35474121e-02 -3.41981798e-02 -7.28845298e-02 -4.01976332e-02
 -5.96919544e-02 -6.48398638e-01 -2.28995204e-01  1.72995344e-01
 -5.95832355e-02  1.77364528e-01  8.52831230e-02 -1.33673009e-02
 -2.25464731e-01  3.60142924e-02 -3.85648832e-02  2.13632762e-01
 -9.18202624e-02 -1.71660170e-01 -2.12814242e-01  6.24158308e-02
 -1.65993959e-01  1.14957333e-01 -1.40790576e-02  1.99634179e-01
  7.81566352e-02  1.92080110e-01  1.48360804e-01 -6.05498366e-02
  2.09486514e-01 -6.65405214e-01  1.33366212e-01 -1.03131600e-01
 -6.03351817e-02 -2.10387960e-01 -1.42170519e-01 -5.83955683e-02
 -2.78406948e-01 -1.40749782e-01 -6.77328557e-02  4.02891159e-01
 -2.00011835e-01  4.47557867e-02  1.32004917e-01  1.15094468e-01
  1.09694928e-01  1.12049937e-01  8.15793991e-01 -1.40753672e-01
 -6.48754165e-02  4.87255007e-01 -1.22881062e-01  2.59460866e-01
  2.28608742e-01 -4.78254855e-02 -2.26229072e-01 -1.01549951e-02
 -2.46518794e-02  5.18838204e-02  7.90192559e-02 -2.69419611e-01
 -1.98794290e-01  7.80499075e-03  3.74659672e-02  9.76831093e-02
 -9.45625305e-02 -5.04347444e-01 -6.46153390e-02 -3.32756966e-01
 -7.38866702e-02  1.12481140e-01  1.14156611e-01 -1.27497613e-01
  3.25810194e-01  8.83549377e-02 -8.00293535e-02  3.09269756e-01
 -2.93750782e-02  2.96321273e-01  1.64078251e-01 -1.33785717e-02
  7.06374496e-02  2.57586747e-01 -2.13492543e-01 -1.88358456e-01
  1.98180974e-01 -4.45290245e-02 -4.63832505e-02  2.39878342e-01
 -3.76928113e-02  1.03352457e-01 -4.63742539e-02 -2.04618871e-02
  1.08972944e-01  9.64298025e-02 -1.18399286e+00  1.53135538e-01
  8.93190801e-02 -1.27458990e-01  1.77410036e-01 -2.85045058e-03
 -1.19084924e-01  4.15094018e-01  1.13369547e-01  2.19335452e-01
  1.81360207e-02  4.04649936e-02 -1.41783372e-01 -1.44325644e-01
  1.56996995e-02 -5.96643314e-02  1.57888427e-01  1.49004653e-01
 -2.65853815e-02  8.97478387e-02  8.43844470e-03  2.98269957e-01
  3.06711271e-02 -3.57109234e-02 -1.31658062e-01 -2.29997374e-02
 -7.88840652e-02  4.32744563e-01 -3.09621114e-02 -5.46536595e-02
  1.91027388e-01 -3.48689646e-01 -5.72620630e-01 -1.63291484e-01
  2.90282875e-01  1.15300611e-01  1.18989550e-01  1.65131629e-01
  6.28670752e-02  9.77308974e-02 -4.23215836e-01  1.66305080e-01
  2.58560747e-01 -1.48754641e-01  5.24009407e-01  2.68948168e-01
 -4.26636301e-02  2.20074713e-01  6.67090341e-02 -2.16562986e-01
 -2.31676787e-01  2.50602700e-02  4.56141792e-02 -2.58895457e-01
  4.75168861e-02 -3.76294255e-02 -1.20433934e-01 -1.15675092e-01
 -3.49255949e-01  1.03222788e-03  1.05096683e-01 -2.16032505e-01
 -1.94050714e-01  2.68771082e-01 -2.60360122e-01 -4.68271732e-01
 -1.96175456e-01 -1.06124654e-01 -2.11376827e-02  2.69783556e-01
  2.79641539e-01  5.54013252e-02 -1.27110481e-01  6.66689426e-02
 -1.39689922e-01  1.59194469e-01 -9.37732756e-02  1.05959438e-01
 -9.65674594e-03 -2.56404012e-01  1.38883188e-01 -1.10851265e-01
 -1.53158277e-01  1.59040749e-01 -4.43169922e-02  1.18202336e-01
 -6.62082508e-02  1.33121423e-02 -2.08837256e-01  3.36196832e-02
 -2.66250521e-01 -2.78960943e-01  1.51687786e-01 -2.45139673e-01
  1.51159644e-01 -2.16920637e-02  1.49090096e-01 -2.81787459e-02
 -1.73981309e-01  1.08629972e-01  9.19899344e-03  1.68303415e-01
  1.81381136e-01  9.92480963e-02  7.32842088e-02  1.20447531e-01
  1.21208556e-01  3.87386084e-02 -2.14961067e-01  3.75778321e-03
 -8.30955729e-02  4.25782800e-02 -1.48006514e-01  1.22471470e-02
 -8.72477666e-02 -6.07451648e-02 -9.63010117e-02 -6.05702400e-02
  2.13345265e+00  3.51768881e-01  2.07565841e-03 -5.93978800e-02
  3.15718889e-01 -3.21417786e-02 -1.57934446e-02  2.59234190e-01
 -1.69907257e-01  2.86852270e-01  6.73581958e-02  1.15744129e-01
 -6.10227734e-02  2.42474630e-01  2.47516304e-01 -1.16699953e-02
 -2.07887720e-02 -1.26889899e-01 -3.54936093e-01 -1.01669297e-01
 -3.32130492e-01  1.29211143e-01  2.32039943e-01 -2.89960038e-02
  9.99013800e-03  1.10964537e-01 -4.39156517e-02 -1.93842307e-01
  1.12394243e-01  1.02505863e-01 -1.06743537e-02 -1.04138497e-02
 -6.92753196e-02  2.26327986e-01 -2.82776773e-01  9.18307602e-02
  1.29547298e-01 -4.10518385e-02 -1.58430308e-01  1.15374148e-01
 -3.27009782e-02 -2.00530618e-01  2.97920465e-01 -4.16277982e-02
  5.52630387e-02  2.91543394e-01 -1.28840864e-01 -1.06277563e-01
  4.30038214e-01  1.92520455e-01  2.92709097e-03 -7.72962496e-02
 -1.26729235e-01  7.07112700e-02  4.07675654e-02 -1.89587563e-01
 -3.16096060e-02 -8.59288424e-02  1.10821202e-01  7.68789053e-02
  9.79285613e-02  1.83891907e-01  2.12636679e-01  1.46847367e-01
  2.42955893e-01  1.15731731e-01 -3.42121482e-01 -3.33446711e-02
  8.47631842e-02 -1.65750626e-02 -7.80754760e-02  9.09490511e-02
  1.71051785e-01  1.04574934e-02  1.91975012e-01  1.60995141e-01
  2.62210578e-01  4.63233218e-02  4.24137898e-03 -3.00220895e+00
  8.46748725e-02 -1.11171089e-01  1.91467199e-02  3.98100205e-02
  4.86510307e-01  3.06541562e-01 -1.62877843e-01  1.64585307e-01
 -1.25016063e-01  1.61250725e-01  1.04135044e-01  1.33385226e-01
  7.56409168e-02  6.48790505e-03  1.03650957e-01  9.89562720e-02
 -1.29594281e-01 -1.05306342e-01 -1.75966591e-01 -7.65993223e-02
 -4.20966595e-02 -4.62773889e-02 -2.06432223e-01 -1.79856062e-01
  7.00386390e-02 -1.46748826e-01 -3.20325673e-01  9.15766731e-02
  2.13270798e-01 -2.90774912e-01  2.37073421e-01 -1.15840686e-02
  9.56414174e-03 -2.11530626e-02 -2.35984534e-01 -2.94532143e-02
 -1.39214754e-01 -9.76695269e-02 -1.28944457e-01 -7.99939930e-02
  3.32961202e-01 -2.24972051e-02 -1.18581392e-02  9.79573131e-02
 -9.36130732e-02  2.87585497e-01 -2.70681649e-01  1.53971910e-01
 -3.00816864e-01 -1.25167891e-01  7.10639954e-02  1.02557346e-01
 -1.51594663e-02  1.65243432e-01  1.46893173e-01  1.08178489e-01
  1.40193984e-01 -1.01798370e-01 -1.65042356e-01 -1.80266127e-02
  7.67287910e-02 -4.49903086e-02  2.93573216e-02  3.07909191e-01
 -1.32308364e-01 -2.35773697e-01  1.53579444e-01 -1.57581288e-02
 -1.51797738e-02 -1.67298838e-01 -1.99025929e-01  1.56222969e-01
  1.14220805e-01  1.72574937e-01 -1.78267378e-02  2.29441270e-01
  3.82614732e-01  2.21147984e-01 -3.66052217e-03 -3.88290286e-02
 -2.31435433e-01  8.72075791e-04 -3.17928903e-02  4.77137566e-02
 -8.16336250e+00 -1.45579547e-01 -4.10002396e-02 -2.52764933e-02
  2.88732678e-01 -3.07890568e-02  1.22136377e-01 -1.07526422e-01
  1.15227558e-01 -1.69655383e-01  2.33963028e-01  1.17826574e-01
 -1.00450441e-02 -9.74747762e-02  3.94873351e-01  2.47359440e-01]"	1
