0	ngram	raiting	sentiment	features
0	ive ever seen	636	negative	"[-3.58451605e-01  6.85941055e-02 -9.12154317e-02 -3.38967115e-01
 -9.96336043e-02 -3.22431445e-01  4.13736254e-01  3.66083682e-01
 -5.18163368e-02 -4.71444577e-01  8.88116509e-02 -1.46127015e-01
 -2.11104080e-01  5.05075514e-01  1.45820901e-01  2.42509410e-01
 -6.97361380e-02  2.72984087e-01  8.67407322e-02  9.50499624e-03
  6.73985928e-02 -4.48038548e-01  3.01929384e-01 -8.93779397e-02
 -3.16330463e-01  9.13095474e-02  5.76982684e-02 -3.11938971e-01
  7.61459544e-02  1.24953441e-01 -1.63946282e-02  1.20198056e-01
 -2.69171774e-01  3.04018054e-02 -2.83029377e-01  3.11088916e-02
 -1.59695804e-01  9.85966623e-02 -1.27137452e-02 -6.14549872e-03
 -3.17600667e-01 -2.97153592e-01 -8.65105391e-02 -1.73279777e-01
 -1.03563890e-01 -2.50168175e-01 -2.66409802e+00  1.67767555e-01
 -2.87674069e-01  9.00390521e-02  4.96925175e-01 -3.48688424e-01
 -3.44045125e-02  2.86406040e-01  5.34589738e-02  4.24423099e-01
 -1.65132582e-01  1.80184737e-01  2.07639396e-01  2.58735597e-01
  2.41779402e-01  1.18279792e-01 -7.92146698e-02  2.50239763e-02
 -9.58991051e-02  1.23560518e-01 -1.25790566e-01  3.76142383e-01
 -2.21073136e-01  2.44230419e-01 -2.38178581e-01 -1.06964871e-01
  3.27149868e-01  1.05993420e-01  2.16010109e-01 -2.19264224e-01
  1.94499716e-02  6.86593354e-02 -1.56044886e-01  3.13736767e-01
  2.06712127e-01  2.27106705e-01  2.37856239e-01  4.21943069e-01
 -1.35005310e-01  3.45672190e-01 -3.69588464e-01 -1.80449840e-02
  6.69238269e-02  2.25722894e-01  7.33534545e-02 -1.52235597e-01
  1.16556838e-01  1.70316339e-01  1.35829017e-01 -1.80162951e-01
 -2.34764498e-02 -9.81631428e-02  5.26787639e-01  3.70323867e-01
  1.16324268e-01 -7.39724785e-02  9.49425101e-02 -4.21904117e-01
 -2.84998655e-01 -8.84683058e-02 -4.16785598e-01 -2.43637368e-01
  6.07387573e-02 -2.25268817e+00  1.49394915e-01  3.06402862e-01
 -2.12417632e-01 -4.26636547e-01 -2.90905796e-02  5.10126233e-01
  5.23491740e-01  7.01204315e-02  3.94949131e-02 -1.35917708e-01
  7.34644569e-03  4.69335437e-01  4.14513022e-01 -1.92976788e-01
  5.99016761e-03  1.29819894e-02  6.17300421e-02 -1.03734039e-01
 -1.82107672e-01  2.21853897e-01  3.77424002e-01  1.94603994e-01
  7.64831379e-02  1.01908751e-01 -4.59610552e-01  3.19472283e-01
  1.18294843e-02 -2.12876931e-01 -3.09485886e-02 -2.58681506e-01
 -2.75215447e-01  4.44057360e-02 -2.53153372e+00  2.78614134e-01
  4.89360541e-01 -3.78259383e-02 -3.95388678e-02 -4.86096479e-02
 -1.90448493e-01  3.09128106e-01  1.90675199e-01  1.19248912e-01
  1.57383665e-01  6.77375048e-02 -2.94115245e-01 -7.55433962e-02
 -3.29821289e-01  2.74934500e-01  2.74043083e-01  4.56489176e-01
  4.15873937e-02 -1.70021951e-01  7.08575398e-02  1.06055364e-01
  8.83272216e-02  8.87664482e-02  3.14698070e-01  1.38537362e-01
  1.27800658e-01 -6.40607029e-02  7.36165643e-02 -2.09737197e-02
  4.09914315e-01  3.16994265e-02 -1.02721676e-01  9.72097274e-03
  2.97339261e-01  7.91747719e-02 -7.73304179e-02 -2.33709104e-02
 -2.08865926e-01  1.34116322e-01  3.25559378e-02 -7.10995346e-02
  1.50754467e-01  2.06092700e-01  8.31705704e-02 -4.06645417e-01
  4.40342687e-02  3.35401207e-01 -4.02715385e-01 -3.23011041e-01
 -5.72438911e-03  1.91291898e-01  2.86478102e-01 -2.85823550e-02
  2.81328522e-02 -5.86051404e-01  2.17054591e-01  1.22293718e-01
 -1.37607560e-01 -4.49011654e-01 -1.25693500e-01  2.10030571e-01
 -2.26736397e-01  3.49325871e+00 -1.13555394e-01 -1.36535376e-01
  1.08312875e-01  3.27971071e-01 -5.13935313e-02 -1.17170975e-01
 -5.21961637e-02 -1.15613312e-01  1.18503533e-01 -1.49044484e-01
  3.70230258e-01 -2.09582567e-01 -1.16737813e-01  5.89569211e-02
  1.87569752e-01  3.45658883e-02 -4.38807495e-02  1.02872439e-02
 -2.92572558e-01  2.45493546e-01  1.51054442e-01  1.78711861e-02
 -5.54775596e-02 -1.43218338e+00 -7.03473613e-02 -3.09121370e-01
  1.19200677e-01  2.76303411e-01 -3.08597535e-01  2.23635495e-01
  1.08722292e-01  2.19819576e-01 -4.24658367e-03  1.86300576e-01
 -9.90276784e-02  2.41706267e-01  3.58576387e-01  3.65124196e-01
 -2.28979141e-01  6.20094121e-01  5.92697561e-01 -1.37532949e-01
  1.39188498e-01 -3.46176922e-01  2.93223619e-01  9.71236527e-02
  9.43376496e-02 -9.88873914e-02  6.58856854e-02 -5.48923254e-01
  7.87123218e-02  8.24627802e-02 -2.26190686e-01 -2.75794983e-01
 -7.99555704e-02  2.20825467e-02  4.43151653e-01  2.71894395e-01
 -1.51071623e-01 -1.24970675e-02  5.77383190e-02 -3.95866156e-01
  1.99821353e-01  6.55568540e-02  3.00738141e-02  3.35679613e-02
 -3.69613290e-01 -2.75349212e+00 -1.69919461e-01  7.22520202e-02
  5.41356981e-01  2.67864376e-01 -3.58366579e-01 -7.21969604e-02
  1.04613647e-01  5.74242234e-01 -4.85254347e-01  3.62614542e-01
  1.47295147e-01 -3.40084657e-02  1.16068147e-01 -4.19659674e-01
  2.97384769e-01 -1.50771156e-01 -9.27796662e-02 -2.18620971e-01
  2.88411111e-01  2.41681352e-01  1.49998218e-02 -1.30241826e-01
  1.20973401e-01 -2.08061486e-01 -3.39416824e-02  1.19913809e-01
 -1.86747849e-01 -7.39913136e-02  3.18175815e-02  4.30299155e-02
 -7.59471357e-02  5.25520742e-02 -1.06345721e-01 -1.01016045e-01
 -3.12127686e+00 -2.86732197e-01  1.59490034e-01 -4.42851514e-01
  3.81630540e-01 -1.36550620e-01  2.21525729e-02 -5.29582351e-02
 -2.45681509e-01  1.97600290e-01  1.90180331e-01 -2.44329333e-01
  2.01493293e-01  7.29773417e-02  4.54208553e-01  1.05002008e-01
  3.17937583e-01 -5.78384519e-01 -1.47911444e-01  2.72472650e-01
 -6.96174502e-02  1.71041921e-01 -5.74696846e-02 -7.30575696e-02
  2.11987287e-01  3.53140324e-01 -2.50520766e-01 -6.96043521e-02
 -3.51797581e-01 -8.83429572e-02  5.28104091e-03 -1.67198598e-01
  1.13628979e-03  1.11720525e-02 -2.68515974e-01 -2.16572344e-01
  1.57570586e-01  4.98398393e-02  3.69952261e-01 -9.18950811e-02
  1.54073602e-02  3.06921780e-01  1.11533582e-01 -1.00469671e-01
  4.30930197e-01  1.13629863e-01 -1.60734504e-01 -1.99615702e-01
 -3.33668888e-02  2.80030936e-01 -1.90451100e-01  1.29639283e-01
  1.08535969e+00 -1.56853050e-01  3.08811635e-01 -6.92197382e-02
 -1.08172491e-01  4.52284694e-01 -8.77094567e-02 -2.74647772e-03
  3.94522518e-01 -1.64629892e-01 -1.05453081e-01 -2.34491657e-02
 -5.56850545e-02 -2.04952508e-02  2.20457479e-01 -2.58719146e-01
  1.52072966e-01  2.05612689e-01  4.70266305e-03  2.73109198e-01
  1.20893076e-01 -1.19549072e+00 -3.67371976e-01  4.68245953e-01
  6.48506405e-03 -2.45355695e-01 -3.00490633e-02 -1.72865596e-02
 -4.50234026e-01  4.26611118e-02 -1.01933606e-01  2.38924086e-01
 -2.17197776e-01  2.17879843e-02 -3.96712758e-02 -3.04387540e-01
 -4.47777092e-01 -2.69482173e-02 -1.83846042e-01  2.96196789e-01
  3.01306456e-01  2.62535602e-01  4.94451299e-02  2.02414736e-01
  3.29810470e-01 -6.26609743e-01  2.84391373e-01 -2.39682108e-01
  3.23368043e-01 -1.40112489e-01 -4.11188275e-01  8.37789327e-02
 -3.36333215e-01 -2.53647745e-01 -1.56664893e-01  5.16241014e-01
 -1.27405077e-01  2.98952758e-01 -5.26426919e-02 -4.29613478e-02
  2.30080280e-02  2.27370009e-01  1.02651608e+00 -2.62094498e-01
  2.69572318e-01  5.38963854e-01 -4.27947799e-03  2.15909526e-01
  4.34303582e-01  2.52529681e-01 -2.85826772e-01 -7.60099441e-02
 -5.24141252e-01  1.77950561e-01  7.34431390e-03 -1.65301308e-01
 -7.22506225e-01  1.92183685e-02  1.58706725e-01  1.22760400e-01
 -3.45909238e-01 -6.13114715e-01  3.52259874e-02 -3.72364700e-01
  2.45788619e-01  1.54897617e-02 -3.59549858e-02  1.62502885e-01
  5.12154043e-01  1.50168231e-02 -9.24252346e-02  2.86077380e-01
 -2.49764010e-01  5.87342203e-01 -6.41926900e-02  1.38493096e-02
 -1.49569288e-01  4.85192329e-01 -1.82870701e-01 -4.44882184e-01
  2.72574753e-01 -1.92027867e-01  2.97032028e-01  8.66490901e-02
  6.40341938e-02 -2.64456034e-01 -8.73342678e-02 -1.71128526e-01
  4.50039096e-03  1.66182712e-01 -1.53092587e+00  5.97375751e-01
  1.78604007e-01  1.14020174e-02  2.92033970e-01 -1.40470684e-01
 -1.43188834e-01  1.78527981e-01  1.14148930e-01  3.12932068e-04
 -7.33047500e-02 -2.54347563e-01 -2.80311793e-01  2.92039812e-01
 -3.33642036e-01  1.00027785e-01  2.55950868e-01 -1.12284623e-01
  2.14146748e-02  3.58326703e-01 -7.24723265e-02  5.89779317e-02
  4.29734856e-01 -3.01673979e-01 -1.28340393e-01 -2.04923660e-01
  9.01253894e-02  3.53213400e-01  1.47007648e-02 -1.00462846e-01
 -1.09128214e-01 -3.71329308e-01 -5.86116195e-01 -8.69558156e-02
  4.03078258e-01 -1.90367520e-01 -8.74433443e-02  1.76543102e-01
  3.40522677e-01  9.82128829e-02 -3.87141496e-01  2.54570365e-01
 -1.23781569e-01 -1.20821320e-01  3.75329286e-01  3.59760284e-01
 -3.66322339e-01  5.44037595e-02  1.60206854e-01 -2.90930927e-01
 -2.14055479e-01 -4.31876350e-03  6.94412887e-02 -8.57491791e-03
  5.87924570e-02  6.70313463e-02 -1.55213475e-01 -3.16628180e-02
 -1.77232027e-01 -1.66144282e-01 -1.26192689e-01 -5.24792016e-01
 -1.73835248e-01  2.07173377e-01 -2.32452154e-01 -5.14912128e-01
 -1.79173023e-01 -3.78198028e-01 -1.79933369e-01 -1.44327447e-01
  1.10074788e-01  1.32926747e-01  1.12278096e-01  3.07495147e-01
 -6.76732659e-02  3.96197498e-01 -4.67064604e-02  2.29636267e-01
  3.50149155e-01 -5.25916256e-02 -7.95290098e-02 -3.49534929e-01
  5.86367175e-02  5.15937150e-01 -9.39841196e-02 -1.27619490e-01
  1.22389302e-01  1.84396878e-01 -1.01712003e-01 -2.07313091e-01
 -2.97484308e-01 -1.64969295e-01 -1.61462948e-01  1.02680676e-01
  2.34024208e-02  1.67216420e-01  2.02689730e-02 -1.83706105e-01
 -2.64112353e-01 -1.89606175e-02 -1.78562835e-01  1.80761918e-01
  2.11841334e-02  1.42125189e-01  1.59055248e-01  1.73371196e-01
  3.85623127e-01  1.73394337e-01 -6.40930891e-01 -2.67208487e-01
  1.45747319e-01 -7.11907744e-02 -3.54186863e-01  2.91716177e-02
 -3.73393074e-02 -1.20803580e-01 -8.59114975e-02 -1.27997294e-01
  1.60973299e+00  3.33012223e-01  2.91922361e-01 -1.00561241e-02
  8.72478113e-02  3.95779163e-02 -1.36311948e-01  1.65215388e-01
 -3.50861788e-01  3.01891297e-01 -6.69029877e-02  9.34230462e-02
 -1.83072999e-01  1.52551942e-02  8.77158821e-01  2.96273053e-01
 -1.99080735e-01 -1.40044570e-01 -7.97097206e-01 -1.80089369e-01
 -4.06153649e-01  3.83067667e-01  5.74412942e-01 -8.50128382e-02
  1.08913071e-01  1.27083331e-01  1.95418656e-01 -1.42827868e-01
  1.11808702e-01  1.97553843e-01 -2.43479580e-01  2.52100050e-01
  5.63076623e-02  3.59938771e-01 -3.49892557e-01  1.21415347e-01
  9.44376811e-02 -3.79311770e-01 -4.65781838e-01 -9.94549170e-02
 -3.85212526e-02 -2.71944135e-01  6.55964375e-01  2.55262643e-01
  1.44361192e-02  2.67799079e-01 -3.12017441e-01 -2.31089905e-01
  2.44411722e-01  4.16268319e-01  1.18122750e-03 -1.82165042e-01
 -3.98626894e-01  4.50773835e-01  6.28735125e-02 -2.66667996e-02
 -2.44540237e-02 -2.10308582e-01 -1.48254663e-01  1.95623308e-01
  1.22983031e-01  4.45910573e-01  2.40636230e-01 -1.43799335e-01
  1.60868764e-01 -3.42167020e-02 -1.08676121e-01 -2.23648831e-01
  2.18526348e-02 -7.03696981e-02  9.84675363e-02  3.38355154e-01
  2.28102237e-01  2.94371396e-01 -9.41428691e-02 -1.09065799e-02
  2.21358970e-01 -5.20894900e-02 -4.34560686e-01 -2.46560836e+00
  1.69853002e-01 -6.01962693e-02  1.48569942e-01  1.44255772e-01
  1.33637667e-01 -2.20405106e-02 -3.33535105e-01  2.55239487e-01
 -3.66834030e-02  5.87520376e-02  4.94766772e-01  5.90618253e-01
  5.96141517e-02  3.47673297e-01  9.72289592e-02  3.25105816e-01
 -2.41084039e-01 -1.54162720e-01 -4.48070675e-01 -3.29093277e-01
 -6.67462051e-02 -2.37650387e-02 -2.59842515e-01 -4.46790963e-01
  4.64860797e-01 -3.93218368e-01 -1.13878369e-01  3.07292044e-01
  1.26632735e-01 -2.09140286e-01  4.47037578e-01  1.73003718e-01
  4.52831388e-02  1.79765746e-01 -5.95018044e-02 -2.26801500e-01
  2.06230760e-01  4.58638743e-02  2.53349915e-02 -6.04962893e-02
  5.31006396e-01 -7.24039152e-02 -9.02633518e-02 -1.22584410e-01
  3.34805176e-02  4.47353691e-01 -1.13249511e-01  2.12414831e-01
 -3.52261007e-01  1.68620169e-01 -8.57421085e-02 -1.35042211e-02
 -1.53300658e-01  2.83869952e-01  1.90603703e-01 -6.04360625e-02
 -3.79892588e-02  3.24650481e-02 -4.26561922e-01  2.57259995e-01
 -3.21469977e-02  5.30495763e-01  2.25546453e-02  4.82112169e-01
 -1.12318181e-01 -2.44803503e-01  1.22498043e-01  1.00547768e-01
  2.48876233e-02  6.25923872e-02 -6.05288371e-02  1.11510135e-01
  2.41573408e-01 -1.20013282e-01  1.09264608e-02  5.28467834e-01
  8.76746774e-02  1.00105666e-01  1.25708744e-01 -7.33038634e-02
  8.22954550e-02  9.98518765e-02 -8.46360698e-02  3.70997965e-01
 -6.49471283e+00 -4.00893152e-01 -1.35320902e-01 -4.10206527e-01
  4.36013739e-04 -2.09507987e-01  4.19595987e-01 -3.19455504e-01
  1.75076708e-01 -2.10068747e-01  1.03577860e-01 -1.47873104e-01
 -8.62112734e-03 -6.64066002e-02  4.05919552e-01  3.67370397e-01]"
